vertices_weight=
[4,5,4,6,4,5,6,7,3,4,2,2,3,2,5],
edges=
[0,0,0,1,1,0,0,0,0,0,0,0,0,0,0],
[0,0,0,0,0,1,1,0,0,0,0,0,0,0,0],
[0,0,0,0,0,0,0,1,0,0,0,0,0,0,0],
[0,0,0,0,0,0,0,0,0,0,0,0,1,0,0],
[0,0,0,0,0,0,0,0,1,1,0,0,0,0,0],
[0,0,0,0,0,0,0,0,1,1,0,0,0,0,0],
[0,0,0,0,0,0,0,0,0,0,1,1,0,0,0],
[0,0,0,0,0,0,0,0,0,0,1,1,0,0,0],
[0,0,0,0,0,0,0,0,0,0,0,0,1,0,0],
[0,0,0,0,0,0,0,0,0,0,0,0,0,1,0],
[0,0,0,0,0,0,0,0,0,0,0,0,0,1,0],
[0,0,0,0,0,0,0,0,0,0,0,0,0,0,1],
[0,0,0,0,0,0,0,0,0,0,0,0,0,0,0],
[0,0,0,0,0,0,0,0,0,0,0,0,0,0,0],
[0,0,0,0,0,0,0,0,0,0,0,0,0,0,0],

vertices_weight=
[3,2,2,3,4,3,2,1],
edges=
[0,0,1,1,0,0,0,0],
[0,0,0,0,1,1,0,0],
[0,0,0,0,0,0,1,0],
[0,0,0,0,0,0,0,1],
[0,0,0,0,0,0,1,0],
[0,0,0,0,0,0,0,0],
[0,0,0,0,0,0,0,0],
[0,0,0,0,0,0,0,0],

vertices_weight=
[3,8,9,4,6,10,6,9],
edges=
[0,0,1,0,1,0,0,0],
[0,0,0,1,0,1,0,0],
[0,0,0,0,0,0,1,0],
[0,0,1,0,1,0,0,0],
[0,0,0,0,0,0,0,1],
[0,0,0,0,0,0,0,1],
[0,0,0,0,0,0,0,0],
[0,0,0,0,0,0,0,0],
 
vertices_weight=
[2,5,5,3,2,1,3,2,6,4,3,4,2],
edges=
[0,0,0,1,1,0,0,0,0,0,0,0,0],
[0,0,0,0,0,1,1,0,0,0,0,0,0],
[0,0,0,0,0,0,0,0,1,0,0,0,0],
[0,0,0,0,0,0,0,1,0,0,0,0,0],
[0,0,0,0,0,1,1,0,0,0,0,0,0],
[0,0,0,0,0,0,0,0,1,0,0,0,0],
[0,0,0,0,0,0,0,0,0,1,1,0,0],
[0,0,0,0,0,0,0,0,0,1,1,0,0],
[0,0,0,0,0,0,0,0,0,0,0,1,0],
[0,0,0,0,0,0,0,0,0,0,0,0,1],
[0,0,0,0,0,0,0,0,0,0,0,1,0],
[0,0,0,0,0,0,0,0,0,0,0,0,0],
[0,0,0,0,0,0,0,0,0,0,0,0,0],